391.0 -117.38324896456585 -114.85402669121105 308.9324456263174 0.01602645348329624 96550.0
407.6436035405114 -0.5 2.1 308.69336211981306 0.01593718308590503
418.10375632971875 -0.6 2.2607267256751897 308.4658320201396 0.01569384894745819
427.9316165481216 -0.6183959388286452 2.4183959388286453 308.2444264706962 0.015456762563843433
437.57575073554466 -0.7 2.5704516649731666 308.03430700569106 0.015257154654619673
447.4740805042984 -0.7225107247934948 2.7 307.94805935323797 0.015120409451623091
457.86379413572183 -0.8 2.774568008404974 307.8917305017027 0.015065914561099694
467.81917259468617 -0.9 2.926625630510312 307.83544307352173 0.015033111230008679
478.0079815482532 -0.8999999999999999 3.068845322781231 307.7891581926549 0.01497997011715223
487.7958038825274 -1.0 3.2143997364036174 307.7541336235069 0.014915447912647092
497.51023739300416 -1.0 3.354225769750392 307.7970976828424 0.015014160303874837
508.083891437422 -1.0930033913286308 3.4930033913286302 307.8487415282144 0.015031313350421719
517.6769650958846 -1.1 3.626048642967775 307.8455184465569 0.015048507072094408
527.3720910395149 -1.152528072798352 3.752528072798352 307.8905080160382 0.015065740146991613
537.9033403756919 -1.2 3.8796511379939362 307.85993815677057 0.015006615900714006
547.6599854913883 -1.3 4.011291754696148 307.8248424721796 0.014993526613863793
557.7144435486924 -1.3 4.1 307.79962939087955 0.014925985958327519
567.9484462960735 -1.3 4.1 307.7707004125691 0.014887068790443023
577.5923413106676 -1.3 4.013144421299081 307.73955503948673 0.014865114456409863
588.2363102458835 -1.3199042663833456 4.0 307.70326009447655 0.014882247106809713
597.8958130186332 -1.339481282201664 4.060518717798336 307.6593310862624 0.014899419168801387
608.5243779388918 -1.3 4.001488385448098 307.6181232624049 0.014916629802759979
618.2726653445669 -1.4 4.0 307.6645893852535 0.015029574740915794
628.8124993920854 -1.489609504922384 3.910390495077616 307.7133964600376 0.015046978946140991
638.5345612007837 -1.5 3.9000000000000004 307.71107068451136 0.01506442461365809
648.6576393097124 -1.5 3.80775731332027 307.7167177425497 0.015081909488284596
658.7451808613164 -1.5 3.7557060115047936 307.7066546716207 0.015099436550346929
668.9649258844684 -1.5 3.7 307.7082718553425 0.015117002645899373
679.0330585651162 -1.6 3.657643915936167 307.7612928960469 0.015134611911251122
689.4672450746934 -1.6861865509302305 3.5138134490697697 307.71470462471007 0.015152260044894554
699.3208479074335 -1.7 3.4790393560758064 307.69877742801344 0.01499743982802444
709.8445086578694 -1.6999999999999997 3.3999999999999995 307.73604433848993 0.015031582047822619
719.6087148298235 -1.7000000000000002 3.3879355906018667 307.68300672864854 0.015000777683165855
729.4713993316163 -1.6548910646272064 3.3 307.6476640586306 0.01489107507517358
739.8973690949222 -1.6 3.3 307.69218642049555 0.014856186781616171
749.9732580637982 -1.6128195584988883 3.2 307.67764448205025 0.014778657543247352
760.185693635951 -1.7 3.2 307.6893785910421 0.014850009762914968
770.3503294872999 -1.6973472337721276 3.1 307.68538297936226 0.014908616595452584
781.3984864210794 -1.6 3.0999999999999996 307.68689733729735 0.014926177208404477
791.1173488139596 -1.6 3.1 307.6934663876998 0.014943776682593685
801.0411012948005 -1.6 3.0 307.75610023358456 0.015057512783353048
812.2047826202672 -1.6 3.0 307.7124266187517 0.015006009599632934
822.0495205217951 -1.6 2.8999999999999995 307.68292304015375 0.014901059321557166
832.4516704240368 -1.6 2.9 307.7106678673089 0.014918711154736485
843.2276212621742 -1.5758054929327194 2.92419450706728 307.65664615492176 0.014817983865376774
852.4847597340822 -1.5 3.0 307.68081611584864 0.014763565570734806
863.1881397137344 -1.5 3.0 307.6293357974365 0.014781111973032774
873.8915312496144 -1.5 3.0 307.6349520939169 0.014798699603283606
883.0969738072341 -1.5 3.0 307.6406567958606 0.014875597308754523
893.5582623316599 -1.4817171032127638 3.018282896787236 307.57657427133506 0.014851463972056026
905.0017756039717 -1.4 3.1000000000000005 307.57634416139405 0.014862392398226463
914.8462565300987 -1.4 3.1000000000000005 307.57619997718194 0.014888656647668065
925.4086637085497 -1.4 3.1 307.57614058132225 0.014887268955989411
936.1121254461874 -1.4 3.0 307.57616689990095 0.014912956797429522
945.7783213282152 -1.3999999999999997 3.1 307.573973861574 0.014920850927027787
955.6852558528346 -1.4 3.1 307.5764788126293 0.014921462479026228
966.3885888039828 -1.4 3.1 307.5767643732088 0.014933730193213719
976.7105252148289 -1.4 3.1 307.57713668913124 0.01488104769962036
987.3545331347923 -1.4 3.0999999999999996 307.5775954530844 0.014898986076923224
997.9986657508613 -1.3 3.1000000000000005 307.5781421207184 0.014916968127576244
1008.6427811185283 -1.3799733150172266 3.0200266849827733 307.578776025606 0.014915845542794702
1018.2867200120343 -1.4 2.9 307.56625156338674 0.014940743680285092
1028.930704801077 -1.4 2.8 307.55378343341044 0.014946487115087902
1039.5747356456131 -1.4 2.8 307.58120690425403 0.014893319865437883
1050.218812706338 -1.451494712912262 2.8 307.5821940955934 0.014911401439738153
1059.8629361447008 -1.5 2.7 307.62001717093545 0.01486791035788481
1070.507106122901 -1.5 2.7 307.6079009959381 0.014778280193060895
1081.1512466148117 -1.4901421224580167 2.7 307.5958647314882 0.014689123664492364
1091.7950057837334 -1.5037811653702882 2.8 307.68639757137703 0.01478903078719336
1102.438889857001 -1.6 2.7 307.6546831273022 0.014681686954388914
1113.0830847609259 -1.6 2.7 307.6513233364194 0.014638992044090327
1123.159067789552 -1.6999999999999997 2.7 307.65191222290696 0.014617650447379421
1133.371214835512 -1.7 2.7 307.6520679588484 0.014540054900942685
1144.0153500641875 -1.8 2.8 307.62880699538505 0.01453512766663154
1154.8243718198853 -1.8 2.8 307.7004819275613 0.014597863172400978
1165.3034499614587 -1.8 2.816487436397703 307.7024975289218 0.01455574462652228
1175.9474847153328 -1.8000000000000003 2.9 307.7046057040151 0.01455811906116182
1185.673329981603 -1.8 3.0 307.70680595173377 0.014556324054643764
1196.2829046371053 -1.7 2.9081667504599236 307.7090983834929 0.014586380528965263
1207.879610736919 -1.6 3.0 307.7065955844862 0.01460764062038783
1218.5237523693459 -1.6000000000000003 3.0 307.698758971368 0.014630152743679514
1228.3064330973427 -1.6 2.9 307.7074788882648 0.014640037276023216
1239.8116876449253 -1.6 2.9 307.71920161345247 0.014653351143647785
1249.713058191153 -1.5 2.8 307.72196191050773 0.014665938676329216
1261.0999005046676 -1.4 2.8 307.724816492141 0.014608263722821278
1270.743891294015 -1.2180019899066468 2.8180019899066466 307.7277649797967 0.014438577052980479
1281.6565034780176 -1.1251221741197017 2.8 307.7308090674789 0.014363331997663414
1292.3598360237352 -1.0268699304396476 2.7 307.76187496293824 0.01422095318351105
1303.411233253652 -1.0 2.632803279525296 307.77128864175637 0.014152166259311849
1313.9840425615932 -0.926479445772466 2.6 307.7680536617809 0.014139700821097088
1324.9640577023843 -0.9 2.6 307.77889803611373 0.014096597841592255
1335.1297133620856 -0.8 2.5 307.7898438395345 0.014083472516205911
1346.2521749610073 -0.8 2.5 307.8008913853628 0.014101135491434453
1356.413360496464 -0.8 2.5 307.79120769032824 0.014059410401065401
1367.540092477217 -0.8 2.5 307.8125148646552 0.014092427694681036
1378.1843879353555 -0.8 2.5 307.82262921953543 0.014115601101400855
1388.8284501349463 -0.8 2.4 307.76653412454914 0.01410225872005686
1400.4725958378788 -0.8 2.4 307.7706418382341 0.014202880221988633
1411.1165338685125 -0.8 2.3999999999999995 307.76662726295706 0.0143005353325026
1421.512689123434 -0.8 2.4 307.77915332728367 0.014398074383199034
1432.404741641371 -0.8 2.4 307.70501717318837 0.014336774742865587
1442.8584624342257 -0.8999999999999999 2.3 307.7880611255731 0.01435496309320001
1453.6927103651456 -0.9 2.3 307.7926649322373 0.014280232483315424
1465.2042476678669 -0.8999999999999999 2.3 307.79736880900276 0.014113851279443394
1474.9808526496515 -0.9 2.2 307.80217261408706 0.014040237411523526
1485.6250374276763 -0.9 2.2 307.82839692510896 0.013985540943057456
1497.2691132431544 -0.9 2.1 307.81992960981427 0.013991629361471122
1507.913017610555 -0.8999999999999999 2.0 307.8171905320801 0.014002652930254739
1518.557062063348 -0.9 1.9 307.8224000208852 0.013946203485816742
1529.2009956253967 -0.9 1.8 307.89168634709415 0.014003047297131256
1540.8066858674742 -0.8999999999999999 1.7 307.8708259463442 0.01390723281746733
1551.489302319067 -0.9 1.6 307.9434720201128 0.013892426648309574
1562.4166118949208 -0.9 1.4902139536186585 307.93886497174225 0.01381109439636586
1573.7771651220105 -0.8999999999999999 1.4 307.95488950523264 0.013747699205761615
1584.421259392655 -0.9 1.3 307.96075397945424 0.01358680542813414
1595.065403013014 -0.9 1.131574812146903 307.99986612739605 0.01348336733506199
1605.7095961666 -0.8186919397397185 1.0186919397397185 308.07781460437263 0.013444918309161386
1616.3536285571597 -0.8 0.9058080766679997 308.0840292982698 0.013292238278668142
1627.9974179483816 -0.8 0.8 308.0829154198687 0.013304362136474188
1638.6415291888225 -0.8 0.8 308.0547723338306 0.013321598665647916
1649.3572622080474 -0.8 0.7 308.1033075453737 0.01333887936875533
1660.4121039953811 -0.8 0.6928547558390494 308.10994459923313 0.013356204675370183
1671.5738799038836 -0.8 0.6000000000000001 308.11668938645755 0.013286210660498992
1682.9741950376351 -0.7 0.5 308.13475495501746 0.013148560148457127
1693.8617016074393 -0.6 0.5 308.13049893457327 0.013147208890308074
1704.5060116013935 -0.5 0.5 308.13756507958055 0.013164367904748933
1716.1500057204166 -0.38734970996516105 0.5 308.144738061467 0.013095287106525503
1726.7940144665915 -0.22124985698958527 0.5 308.1520202484141 0.0129592882747851
1737.797552989708 -0.08411971066816769 0.6 308.26489085577055 0.012775285330738472
1749.8526784692574 0.035951059794157025 0.7 308.3400093474406 0.012578109519558647
1759.7262843851495 0.1 0.8 308.3856339722529 0.01242499217733356
1771.3701932577833 0.2 0.9945256877029903 308.3992096017222 0.01226814915442559
1783.011564910578 0.33425483144458135 1.0 308.47078327030033 0.012166771123231376
1793.6581728506817 0.5002891227644517 1.0999999999999999 308.51502681130717 0.011890158838209063
1804.6417739905785 0.733163457013627 1.2 308.6289075208466 0.0113654283103897
1815.9463542020367 0.9660443497644622 1.3 308.74297668268446 0.010959332957577544
1826.5905417175136 1.0789270840407301 1.4 308.8572355770037 0.010559863932323475
1838.281564326765 1.2 1.4 308.8745197869678 0.01039945372474817
1848.8989255030097 1.3 1.4000000000000001 308.97548701529314 0.010325343957926574
1860.5226598270685 1.3 1.4 308.9893402706865 0.010139679222594612
1872.166577906592 1.3 1.410453196541371 308.9983383195404 0.010076285487196178
1882.8104354164338 1.4 1.5 309.11343806639775 0.009878383381336366
1893.745559568526 1.5 1.5 309.19673392758096 0.009820171500648239
1905.0986242031502 1.5000000000000002 1.5000000000000002 309.23815022671573 0.00978676174129799
1916.7426663971582 1.5 1.4 309.2476849195748 0.00973354766817676
1927.38675975254 1.6 1.3 309.30525180876487 0.00971034360782539
1939.0311361563777 1.6 1.2 309.3732866749086 0.00962789491444394
1950.339880105087 1.5993772768724435 1.1993772768724433 309.3825459080899 0.009510151450123674
1961.3188980774398 1.5 1.0665029973728235 309.39324709421254 0.009373096636233718
1972.9632812491818 1.5 0.9336220384512013 309.4391407088143 0.00925909681215301
1984.0088783215174 1.5 0.8007343750163625 309.5200206705119 0.009228892231221211
1995.2510369073157 1.6 0.8 309.5304523947944 0.009115861799427534
2006.8954075083032 1.665020738146313 0.7 309.5782249176651 0.009087644188018768
2017.9240651809641 1.797908150166062 0.6 309.6581356811065 0.009016164106399552
2030.1467856552813 1.938481303619278 0.4 309.7754707278817 0.008821282457608909
2040.827338006317 2.003669641382034 0.19633035861796605 309.8930049478763 0.008492183581119823
2052.339400418863 2.145683450157919 -0.04568345015791886 310.1173291879202 0.008093482301016712
2063.144569906546 2.286788008377268 -0.2867880083772681 310.43447750894666 0.007355608994471247
2075.759375140049 2.4028913981309246 -0.40289139813092484 310.7801627158503 0.006626640468180674
2086.403389754984 2.5351875028009854 -0.535187502800985 311.04297220771207 0.005927683817578602
2098.5714724446307 2.7480677950996797 -0.7 311.23096040443676 0.005433507428058762
2109.6917887729064 3.0523824148210337 -0.8761912074105167 311.3499955380495 0.005233209997050687
2121.3356199136747 3.2 -1.0938357754581292 311.3689883272788 0.005123136417643289
2132.9794747910537 3.4267123982734953 -1.2267123982734955 311.45325847202105 0.005031900804960544
2143.948415740029 3.5329912465175557 -1.432991246517556 311.49450931240557 0.004937003030754202
2156.2677170442785 3.6324735956671486 -1.5324735956671487 311.6142869858441 0.004778848095577334
2166.9120972001656 3.8 -1.7653543408855699 311.73427279221545 0.0045243550652230265
2178.5559319203508 3.9 -1.998241944003319 311.8544657269246 0.004136531590087094
2190.2502175843542 4.038898298008769 -2.1 312.0819483694373 0.0037751317173229286
2201.8440181513697 4.2 -2.2000000000000006 312.30972201402415 0.003455812582252157
2213.488173874824 4.3 -2.2 312.43062819715925 0.0032631659477364372
2225.1320895396734 4.4 -2.3 312.4445408595646 0.0031916157772646447
2237.2202069901487 4.6 -2.4 312.4585826989097 0.003112625301947497
2248.420121161751 4.699999999999999 -2.544404139802979 312.58003963391866 0.003012488194239038
2259.8771267381258 4.768402423235019 -2.6 312.5943812184101 0.002914182491249211
2271.650172340386 4.8 -2.7 312.716222335767 0.0028455511375209018
2283.423010339562 4.894169539006432 -2.7 312.8382773324909 0.0027555843682290702
2294.9966616702973 4.9 -2.9 312.8530933558175 0.0026944736351163325
2306.768638122986 4.999944361171621 -2.9999443611716208 312.97553658801144 0.002677244932867045
2318.2844525915307 5.0 -3.2 312.9906583008229 0.0026188588019505125
2330.410689315853 5.025689051830616 -3.2 313.08585253327493 0.0026224742173918407
2342.57252856381 5.1 -3.2 313.0770279471293 0.0026260995677591828
2354.216840393321 5.1 -3.3 313.0675513860901 0.002615094976076619
2365.8605772886094 5.104336807866424 -3.4043368078664242 313.15550552128246 0.002611981959951061
2377.130952568766 5.23721154577219 -3.53721154577219 313.13590784465015 0.002581064080140348
2390.1192059353943 5.3 -3.7 313.1919718152448 0.0025467453718662067
2400.7927284926855 5.299999999999999 -3.7999999999999994 313.2080705150691 0.002522914662159047
2412.43680165813 5.3 -3.8 313.22430655396283 0.002487013014799328
2424.121770789818 5.3 -3.8999999999999995 313.240677487684 0.0024709547913500073
2436.7248803363136 5.3 -4.0 313.2571839420385 0.0024740134717853974
2448.3689389816336 5.3 -4.0 313.27382968535716 0.002439114939677956
2460.815705819453 5.2 -3.9000000000000004 313.2906117284178 0.002410483694160808
2472.3884891048306 5.2 -3.81973823634245 313.30753144898443 0.0023924231921113675
2484.3009650061967 5.2 -3.8 313.35362996677367 0.0023459015893091467
2495.9449605328605 5.3 -3.8 313.37241668164904 0.002294477025351306
2507.588972639197 5.365749342214341 -3.8 313.39618680176204 0.002245657540987634
2519.879858256963 5.4 -3.740183789346721 313.4201018457966 0.0022259130269893512
2531.4526849140884 5.4 -3.635335695717284 313.4324862072057 0.0021991584980751676
2544.225614683672 5.4 -3.6 313.4579738378401 0.00216243482280101
2555.7984249639094 5.329573088605462 -3.6 313.46192864724856 0.0021289051071292295
2567.8092338108668 5.236692917268179 -3.536692917268179 313.4479182620415 0.0020930210495401715
2580.0287940089097 5.136512769818884 -3.5 313.46610280071803 0.002079228148932125
2591.516976639343 5.1 -3.4424457998727185 313.4844297994089 0.0020751133862509114
2603.089867765561 5.1 -3.4 313.45734877010545 0.002068458155524119
2615.385567324409 5.0 -3.3651688705739815 313.48367665126193 0.002059883162191483
2627.6355603540974 5.0 -3.3 313.4884239458838 0.002017099642139089
2639.408506739223 5.0 -3.3 313.4933040900108 0.001975909567869777
2651.317933521228 5.0 -3.3 313.57822519793865 0.0018586641430139857
2663.9546010952304 4.913641329575446 -3.3 313.6122584117954 0.001738240911581017
2675.757613198995 4.9 -3.3 313.72559913260653 0.001621148430951368
2688.2498607174457 4.784847736020097 -3.2 313.7451329449916 0.0015221104857850287
2700.3411663078878 4.655002785651085 -3.2 313.87374216558135 0.0014657613232964136
2712.6728123711014 4.6 -3.3 313.8936154432813 0.001431601213354424
2724.182008347928 4.6 -3.2 314.02265464284307 0.0014001654711500505
2736.8261692402994 4.643640166958556 -3.2 314.0428726829424 0.0013539413004776527
2748.4703620028413 4.7 -3.0999999999999996 314.1723458690402 0.0013295567818330594
2761.137440391374 4.8 -3.1 314.3020595597575 0.001306596426321544
2773.910081724818 4.9 -3.1 314.32281799473583 0.0013087472286716362
2785.4830519642255 5.0 -3.2000000000000006 314.45297122865446 0.0013215087241652997
2798.046364251585 5.008050866070425 -3.208050866070425 314.5833664371188 0.0013087830441193124
2809.8286765559924 5.1 -3.3 314.7140065102169 0.0012277418416666212
2822.6013773841955 5.113811275933207 -3.3 314.84488980584814 0.0011335037109356492
2834.9783192403866 5.3 -3.3266896230699263 315.0052284148306 0.0010099409066709696
2846.6225376200327 5.4 -3.4329719873397733 315.21686488447995 0.0008907374516550799
2858.719844167909 5.432450752400655 -3.5 315.3485323959791 0.0008118667010541297
2871.4927116459266 5.545330736131812 -3.6 315.4307785273355 0.0007641982020778785
2884.265647873811 5.7 -3.658211860765446 315.50300661706024 0.0007258004582501364
2896.1985873122503 5.699999999999999 -3.771094131230174 315.52572204449984 0.0007021849439376639
2908.6114214934914 5.8 -3.9 315.54859649460593 0.0006844324738399629
2921.384458157469 5.8 -4.076857024891526 315.6813733152714 0.0006670809922020304
2933.3571436009597 5.8 -4.189740969291155 315.70461102003054 0.0006396037364232367
2946.129889275222 5.822619060015994 -4.422619060015995 315.83784734576733 0.0006070842322430948
2958.6286327291773 5.9 -4.6 315.9713369642974 0.0005629104625682053
2970.8757659954895 5.9 -4.66047721215295 315.9951496270279 0.0005296254832627223
2983.648827834671 5.981262766591493 -4.781262766591492 316.1291018261889 0.00048489113728112797
2996.421664809074 6.0 -4.994147130577852 316.153285625129 0.0004538193303348912
3008.995271259926 6.0 -5.1 316.2877039252136 0.0004239370305194415
3020.967055495187 6.0 -5.1 316.40045753030006 0.0004237707548676607
3033.739855063577 6.0 -5.2 316.447150771485 0.00042118645705813455
3046.5127245235435 6.0 -5.2 316.5319649527596 0.00041999443165048427
3059.4859300711355 6.0 -5.3 316.6074459680257 0.00043464388515916544
3072.2154705196763 5.908567832147741 -5.4 316.632759874383 0.00044361402004110327
3084.32445357316 5.9 -5.3999999999999995 316.65824275455356 0.00044738575021122497
3097.204226460493 5.800000000000001 -5.4 316.7429645693752 0.0004557353532623783
3109.147691549136 5.8 -5.4 316.82015957855924 0.00045412032250120057
3121.7503043806255 5.717046169017283 -5.4 316.7545309103025 0.00046421102805232735
3134.653894251562 5.7 -5.4 316.872398909076 0.00046416532571934115
3147.4955875775704 5.6 -5.4 316.7881836019775 0.00047517702574359673
3160.2684347422255 5.5584068737071615 -5.4 316.8146836900596 0.000503085154672702
3173.2415876292034 5.5 -5.4 316.84135431950085 0.0005152044361455196
3186.214336321457 5.4 -5.4 316.8821909842099 0.000546137181681049
3197.9870653860253 5.4 -5.4 316.8952126088376 0.0005584968219989882
3211.219843108469 5.36688224356624 -5.5 316.9224025784577 0.0005541938762804322
3224.532737047728 5.254002241307588 -5.5 316.9497666345302 0.000549920662442305
3237.105578584172 5.2 -5.5 316.97730543725595 0.000539760693992703
3249.8784822539715 5.2 -5.5 316.9475731100357 0.0005289353233424508
3263.4267009444748 5.2 -5.5 316.9611370641643 0.0005273688815028816
3275.5204216712305 5.2 -5.5 316.97486459335255 0.0005098987643792572
3288.3971644990756 5.2 -5.6 316.988756330894 0.0005096096516245504
3301.3698756993363 5.2 -5.700000000000001 317.00647532902747 0.0005056438562376133
3314.343057820115 5.2 -5.7 317.03502951793286 0.0005159852443864062
3327.315755118787 5.2 -5.699999999999999 317.0637618360437 0.0005119766633052146
3339.6108046795316 5.221929251979789 -5.699999999999999 317.06826053970656 0.0005117229620648283
3353.0613675584545 5.3435134113255245 -5.7 317.0733056929126 0.0005067210273109208
3366.03469261148 5.4 -5.8 317.07562394525667 0.0005159255736821393
3379.0070747864156 5.499999999999999 -5.799999999999999 317.0690370005435 0.0005103702474836565
3391.979931345235 5.6 -5.8334512464402595 317.17283865257826 0.0005001110423144487
3404.953264398768 5.7 -5.9 317.23997324954973 0.0004977712142556743
3417.925658998403 5.8 -6.0 317.2708510518468 0.00048479792868809894
3431.8734789494856 6.032094316640046 -6.0 317.37600133510006 0.0004946652710519886
3444.3395147687484 6.2 -6.0 317.35153128200335 0.0004992386988894892
3457.1712365826006 6.32232524614581 -6.1 317.3611270056706 0.0005103844058341446
3470.2265766240157 6.46342473165201 -6.1 317.5036993451581 0.0005111882924497501
3483.531394252581 6.6045315324803076 -6.1 317.5397623515794 0.0004973661078201324
3496.836417813115 6.8 -6.2 317.7897106801581 0.0004614462247058076
3510.141783238408 6.900000000000001 -6.300000000000001 317.93315225382946 0.00040850481427035776
3522.635822003147 6.9 -6.3 317.96486603894385 0.000368325071656451
3536.2517567176706 6.9 -6.3 318.1088426223684 0.00034057265493511274
3549.0547072046406 6.9 -6.214964865646587 318.1577675862154 0.00030948031182243533
3563.027083663528 6.9 -6.199088213255989 318.28448141567986 0.00029574032541344945
3575.799885006999 6.799999999999999 -6.1 318.3180932972352 0.0002962119256693341
3589.466286659206 6.8 -6.1 318.35087557554004 0.0002823336001603392
3601.6216705193124 6.7 -6.1 318.3838522575519 0.0002799869160852654
3615.581987686208 6.6 -6.1 318.4170257791007 0.00026679393265726964
3628.9095782418117 6.5 -6.1 318.45039725629204 0.00025098775544282596
3641.942076871281 6.421808435163761 -6.1 318.483966318571 0.00024207080284452363
3655.2474259669507 6.300000000000001 -6.0 318.47402043249593 0.00022959475735387656
3668.841581622928 6.2 -5.9 318.5461275590812 0.00021709178773878467
3682.5831147721683 6.1 -5.9 318.58586835858137 0.0002153425343410608
3695.555615390758 6.090281420463857 -5.8 318.60928167980796 0.00022673863838950213
3709.661192913902 5.957406410154039 -5.8 318.6548064737427 0.00022503000380080568
3722.772453749928 5.9 -5.9 318.69594548718294 0.00022324169081435984
3735.8275898853235 5.9 -5.9 318.83739722563746 0.00022347556286710758
3749.706108112417 5.823448202293534 -5.9 318.8990981016506 0.0002238394084598013
3762.8198939690856 5.7858778377516575 -5.8 319.02101551493325 0.0002242044432615511
3776.491310408404 5.7 -5.753001767181907 319.05671310991914 0.00022774531686331332
3789.566029815509 5.6 -5.625144826526601 319.09261570765045 0.00024092378235849703
3803.5386023498195 5.6 -5.6 319.13690579017515 0.00024207123502996148
3817.3113535060024 5.6 -5.5 319.165047666135 0.00023985143615682156
3830.0841813025963 5.6 -5.5 319.2015775436871 0.00022835995179806614
3843.8570861110834 5.6 -5.5 319.23831750424466 0.0002264199075849596
3857.6300683053532 5.6 -5.5 319.27526840021335 0.0002155093240749962
3871.603126143438 5.7 -5.5 319.33831199489214 0.00021416856895581067
3885.1463529680495 5.8 -5.5 319.349806439287 0.0002140205243492926
3898.73852118 5.9 -5.4 319.3873974690008 0.00021218988789077249
3913.043287569069 5.994770423599997 -5.4 319.4252002545995 0.00021037336452007398
3926.3484125640744 6.1 -5.4 319.3940808626331 0.0002094129008057061
3939.6536809763256 6.300000000000001 -5.500000000000001 319.3878165301975 0.00021766364972326994
3953.5501566804164 6.493073619526518 -5.593073619526518 319.4262154871143 0.00021580636475900184
3967.0166799720773 6.759169278006942 -5.7 319.46483412291366 0.00022518893682386585
3980.9856836251556 6.900277999534623 -5.8002779995346225 319.50335318073076 0.00022555962531124345
3994.9585344254697 7.03309472708593 -5.999999999999999 319.5050413007801 0.00022673140147511954
4008.731529233157 7.165975573757829 -6.1 319.4680927664117 0.00023098481666450221
4022.7045368847876 7.278858820552617 -6.2 319.5075367307897 0.00022902842633504416
4036.677053988709 7.411742281413129 -6.311742281413128 319.53381168833783 0.00022914101584736873
4050.8130681789607 7.5 -6.4 319.5870947354115 0.00022340257432504253
4063.278749289738 7.5 -6.5 319.6272076292321 0.0002164967216947465
4078.204331270808 7.6 -6.6 319.66754878161186 0.00021465057043147884
4092.2109450625067 7.6 -6.704086625416164 319.8223567287383 0.00021501485906451508
4105.814146341829 7.6 -6.799999999999999 319.89728312303623 0.00021538040236420227
4120.119539906254 7.599999999999999 -6.799999999999999 320.018637498805 0.00020493089797360447
4133.424292179717 7.6 -6.9 320.05999845925754 0.00019493987859800382
4147.729335919421 7.6 -6.9 320.2160569487534 0.0001952729812521427
4162.03335705031 7.5 -6.9 320.2579365654183 0.0001935897254875491
4175.0894296037895 7.5 -6.9 320.41462433152327 0.0001939789295306282
4189.4737187882465 7.5 -6.9 320.523751481438 0.00020816696979727563
4204.4395595574015 7.5 -6.9 320.6143514497322 0.00022322339345153192
4219.004616087205 7.5 -7.0 320.6572798513657 0.00024672309318692743
4232.2975491846155 7.540092321744101 -7.0 320.70044443750584 0.00026167991473541064
4246.648273503643 7.6 -7.000000000000001 320.7381481289571 0.0002850134442576838
4260.803773110354 7.6 -7.1 320.7440057561972 0.0002965852111095828
4274.015904588778 7.6 -7.1 320.7584735583995 0.0003219293121160098
4289.23605263691 7.6 -7.183598409812969 320.7793207841726 0.00034159368139512897
4303.084985503817 7.5 -7.220600877281827 320.7810502522533 0.0003743226787125567
4317.390104309408 7.438300289923662 -7.299999999999999 320.73416666572905 0.0003990657405526734
4331.63448116674 7.4 -7.427802086188165 320.746867632197 0.0004197376387547071
4346.250346323834 7.306091980554328 -7.593908019445672 320.8238780792835 0.0004518369924716412
4360.555205081543 7.2149930735233205 -7.6 320.86910251215227 0.0005189246704684531
4374.532671842527 7.1 -7.7 320.9145738697723 0.0006156210147515635
4388.915337235048 7.0 -7.699999999999999 320.96029120000276 0.0007043602584966321
4403.220494776565 6.841693255299042 -7.799999999999999 321.05440578751865 0.0007816821725860064
4417.775644229665 6.7 -7.800000000000001 321.13981534449465 0.0008286096358498922
4432.3308203637025 6.584487115406703 -7.884487115406704 321.09894343665087 0.0008324235924674272
4445.885947274514 6.49338359272596 -7.9 321.1456628946229 0.0008395946578069935
4460.690846628509 6.4 -7.9 321.19263562454665 0.0008481992177850759
4474.328065412729 6.2 -7.799999999999999 321.22386306704163 0.0008574018006607358
4490.050889604373 6.0934386917453995 -7.793438691745399 321.2797435769875 0.0008584252295411713
4504.606050196397 5.9 -7.699999999999999 321.21918417382244 0.0008527459734469747
4519.16123779661 5.8878789960720646 -7.7 321.26712114357576 0.0008466011351350943
4533.716261321209 5.8 -7.6 321.315316560292 0.0008404963793519132
4548.02835201674 5.8 -7.505674773575821 321.36377223422795 0.0008344314991753691
4563.076448381759 5.7 -7.5 321.3189170573457 0.0008435215628288515
4577.508600786913 5.598471032364823 -7.5 321.3452688086109 0.0008451595767746848
4591.186364995125 5.5 -7.4 321.3944506545075 0.0008465685834754606
4605.989478678504 5.5 -7.4 321.44389696472274 0.000848100384394365
4620.564677948249 5.4 -7.4 321.4356182993677 0.0008382154678474665
4635.793423955368 5.4 -7.3072553675291845 321.43559357695256 0.0008289403302425372
4650.309959906055 5.5 -7.3 321.477333562213 0.0008224150490521239
4664.596581476016 5.461500668232407 -7.299999999999999 321.4829065015731 0.0008182063644994198
4680.266876543103 5.4 -7.3 321.51858538525755 0.0008030674776694164
4694.571673688411 5.4 -7.199999999999999 321.51282356375185 0.0007826538627596465
4709.335414877109 5.4 -7.199999999999999 321.56403061554397 0.0007583148813290639
4724.194242098859 5.3 -7.2 321.5181108243014 0.0007326904082565054
4739.386105564429 5.300000000000001 -7.1 321.5503995366525 0.0007184597832891618
4753.244928027726 5.3 -7.0 321.60236890266714 0.0007197834350685004
4768.129740918631 5.3 -6.9 321.65461425883575 0.0007265159341840949
4783.652279100324 5.2 -6.797405181627379 321.59008944487323 0.0007291185004973638
4798.638635849088 5.2 -6.7 321.64283133226644 0.0007300046219380959
4812.611386261622 5.1 -6.672689402515194 321.66384890112886 0.000723311826555488
4827.584703227725 5.1 -6.6 321.6319253860198 0.0007264754793099504
4843.446649775888 5.00692161287125 -6.50692161287125 321.68544859456244 0.0007211613423402267
4858.177381473966 5.0 -6.5 321.6718372374148 0.0007187006588696797
4872.97680419306 5.0 -6.476452370520677 321.64827762757164 0.0007222945671608212
4888.050106838695 4.9 -6.299999999999999 321.7072956981653 0.0007172758636144322
4903.342441577299 4.9 -6.2 321.6673107146504 0.000700255982334015
4917.897525807723 4.9 -6.199999999999999 321.7221449297715 0.0006857378236487673
4933.45263817932 4.9 -6.2 321.7772688802542 0.000668729224858843
4947.757982813759 4.929052763586404 -6.200000000000001 321.7984740065312 0.000638336401316751
4963.312915024431 5.0 -6.2 321.77629359815796 0.0006084695081416546
4978.1412910591125 5.1 -6.1 321.8427270129637 0.0005724904074338741
4993.230748986202 5.252354850985203 -6.0 321.93895088564625 0.0005578673264798384
5008.637596400446 5.4 -5.9 321.93930233781754 0.0005459650051215
5023.044482030955 5.512751928008912 -5.787248071991088 321.99613371213235 0.0005367186895234963
5039.005817272337 5.800889640619087 -5.6 322.05326491392947 0.0005326558691807546
5054.472034841356 6.016763621205621 -5.5 322.11069874802 0.0005286210548207315
5069.69820705473 6.199999999999999 -5.392132752644071 322.1684339563415 0.0005346968101590915
5085.40381791676 6.373964141094599 -5.226035858905401 322.2264745910617 0.0005306504053460383
5101.370285832695 6.540063631946005 -5.059936368053995 322.2848203135518 0.0005246294367437268
5116.336049241058 6.7 -4.9 322.34347146625163 0.0005176782898037115
5131.302043108817 6.800000000000001 -4.8 322.4352937781749 0.0005115817759343771
5146.473481640556 6.938367385146956 -4.661632614853044 322.4617043157218 0.0005049902283728058
5161.371622509185 7.1 -4.5 322.5212862429825 0.0005059688836518521
5177.2894209737615 7.2274324501836915 -4.5 322.54861311681253 0.0005008050702081843
5192.814750712747 7.4 -4.5 322.52261860783835 0.0004935390009226462
5208.340111152627 7.5 -4.5 322.4994498777497 0.0004818202459457068
5224.865502475503 7.6 -4.5 322.57428801739127 0.0004813827473917749
5239.405336074723 7.700000000000001 -4.5 322.5859795294414 0.0004777019407143756
5255.030657831948 7.700000000000001 -4.568106721494466 322.6473278818719 0.00046337383574620845
5270.913900011415 7.76717763053246 -4.532822369467539 322.82810137843427 0.00041731830864247406
5286.462882813273 7.800000000000001 -4.6 323.0093311268425 0.0003508206503702059
5302.429174394325 7.9 -4.7 323.19101913424885 0.0002848149521959654
5317.894957302596 7.9 -4.7 323.49247164470796 0.00023235133276204792
5333.361069149008 7.831582621709923 -4.7 323.7945235592297 0.00019989136996316752
5349.327054454803 7.9 -4.7726844858167965 323.9777359556525 0.00017403511357443058
5364.873640674849 8.0 -4.8 324.2809228307413 0.00014635253194282083
5380.54939173012 8.0 -4.8 324.3455658715476 0.00013769813210508767
5397.1395843900345 8.070987834602398 -4.9 324.53018739910357 0.00012578771145653334
5413.159841646405 8.182791687800695 -5.0 324.715281991389 0.00011252848023328603
5428.2863445756375 8.303196832928096 -5.1 324.78107416888463 0.00010427975040609151
5444.221179418972 8.525726891512765 -5.2 324.8472084272813 9.78804368915277e-05
5460.746511359846 8.780529485474295 -5.3 324.91368476728314 9.807724284245527e-05
5476.271875064168 9.0 -5.3 324.9805059807402 9.717845327047474e-05
5491.580128168959 9.256796876604202 -5.3 325.04767324120206 9.628718793285891e-05
5508.987018921289 9.411602563379184 -5.2 325.11518762188064 9.648196289670959e-05
5524.044866933142 9.699740378425771 -5.100259621574228 325.1830517572476 9.559676723968111e-05
5540.849920772711 9.8 -5.0 325.25126947750925 9.471900218476769e-05
5556.206936901093 9.9 -4.9 325.4401712479082 9.491177645348533e-05
5572.2805049288 9.9 -4.9 325.6295669274048 9.510533367519313e-05
5588.949720955727 9.9 -4.8 325.69898709508 9.529968351753048e-05
5604.475070190934 9.8 -4.973743023893168 325.7687667168881 9.44251210239882e-05
5622.000967601625 9.7 -5.2 325.76426990374165 9.939863752244063e-05
5637.859236799903 9.6 -5.475024190040646 325.78872317734493 9.917659174041126e-05
5654.051313249511 9.428519080002424 -5.771480919997575 325.85951884236766 9.827107778048857e-05
5670.0404156539535 9.3 -6.126282831237775 325.93067961966653 9.737312576146559e-05
5686.460942093081 9.239191686920938 -6.460808313079062 326.00220900822734 9.757458587906874e-05
5703.441453547224 9.2 -6.869218841861631 326.07410578002117 9.668270966494102e-05
5719.205801103111 9.2 -7.1 326.14637414894696 9.579829642447635e-05
5735.014826946951 9.2 -7.384116022062215 326.2190169057185 9.599773421455665e-05
5752.754548498349 9.3 -7.500296538939009 326.2916734516908 8.988602787976264e-05
5768.06245038384 9.3 -7.7 326.2441701088824 9.424825675748282e-05
5784.568090928761 9.3 -7.9 326.31787003366674 9.338450238815862e-05
5801.446651440803 9.331361818575228 -8.1 326.35387236210727 9.25280005640263e-05
5818.048213284241 9.4 -8.2 326.3617400421401 9.18230376094327e-05
5834.830875050622 9.399999999999999 -8.399999999999999 326.41971300635134 9.083653227599068e-05
5851.528362805975 9.3 -8.5 326.4948727996969 9.610119233776984e-05
5867.268741159422 9.3 -8.650567256119494 326.570422690271 9.544544148062545e-05
5884.740379653485 9.2 -8.805374823188426 326.6463607932698 0.00010036921078622433
5900.932217745815 9.100000000000001 -9.0 326.72269204216803 0.00010967240066486349
5918.457637449022 9.0 -9.100000000000001 326.799418328653 0.00011491144392861507
5935.983091200276 9.0 -9.3 326.9985314516923 0.00011515680506889351
5951.17518227789 8.9 -9.4 327.0761255655557 0.00011540143094071471
5968.3756412989105 8.9 -9.5 327.17930284875604 0.00011851847177781253
5985.225877678923 8.9 -9.6 327.3547337654716 0.00012763428358950364
6002.751276419037 8.9 -9.755646941973067 327.4336111854463 0.00013151534678341556
6019.276709483172 9.0 -9.900000000000002 327.5128954899359 0.0001328948195593852
6035.802177096995 9.099999999999998 -10.031917737079329 327.7150304364034 0.00012886130620511186
6053.32767948815 9.2 -10.22005442742488 327.79521063138395 0.00012220617034094583
6070.81640850958 9.308191987203758 -10.408191987203757 327.98835321028673 0.00012247164276347978
6086.556160242595 9.5 -10.6 328.07948357580034 0.00011741312934910899
6104.57034014776 9.6 -10.851123204851913 328.1609890237262 0.00011129453469831181
6122.369733669462 9.8 -11.0 328.2429137785058 0.00015760565847236632
6138.287916816504 9.92739467338924 -11.200000000000001 328.32526105762395 0.00030668431153810016
6156.1834824297275 10.082197920412591 -11.3 328.4080331759967 0.0004560968441491519
6173.5901686075995 10.2 -11.403669648594553 328.4867157562656 0.0005814244305906764
6190.1974272102825 10.291803372151989 -11.5 328.4618213698366 0.0006757768279266285
6207.722754215576 10.3 -11.5 328.5357139184109 0.000710162816737362
6225.248116135522 10.3 -11.5 328.5362065988236 0.000708539022641578
6242.773513205784 10.3 -11.5 328.5816196255709 0.0007050855758849474
6260.298945664155 10.3 -11.5 328.54338982639223 0.000709560493103103
6276.363933468308 10.267526358396129 -11.5 328.5054433623419 0.0007133228872701707
6294.77056389789 10.2 -11.4 328.5913819429614 0.000719455762093224
6312.177238331402 10.1 -11.400000000000002 328.5844941360468 0.0007159895304423976
6328.917448716977 10.0 -11.4 328.56219226094413 0.0007116856806167488
6347.324338129958 9.900000000000002 -11.400000000000002 328.58147638867973 0.0006963964866005818
6364.06413827962 9.893513237400846 -11.400000000000002 328.56785851205143 0.0006724660952022215
6381.976692286383 9.8 -11.4 328.6558077045648 0.0006459710305703634
6399.502109908864 9.7 -11.3 328.682890880944 0.0006239807480905375
6417.284454674244 9.6 -11.3 328.66228762571 0.000622387080032987
6434.691317535644 9.5 -11.2 328.6739231251755 0.0006178861645610705
6453.098226286359 9.400000000000002 -11.1 328.6392303329038 0.0005952864173924473
6469.837942659638 9.4 -11.000000000000002 328.726797758015 0.0005637834161720608
6488.244686774583 9.4 -10.843241146807241 328.749063763536 0.0005484776787528392
6504.985163909576 9.400000000000002 -10.600000000000001 328.78611201284843 0.0005398990888524162
6523.513394632579 9.4 -10.4 328.87745413313604 0.0005359314182325238
6541.131599969594 9.5 -10.1 328.96927421318196 0.0005371690097874231
6558.872039377232 9.599999999999998 -9.857368000608119 328.93676313588367 0.0005406452407789295
6577.134292742847 9.7 -9.6 329.0326544618394 0.0005555433172481079
6594.816464593221 9.818904879047464 -9.381095120952535 329.09901014243826 0.0005742241516430857
6612.425322884187 9.900000000000002 -9.1 329.1784412813694 0.0005987671813519029
6630.16551056101 10.0 -8.9 329.2747856537137 0.0006277479841599118
6650.191263482675 10.1 -8.8 329.30078310153993 0.0006474741981763555
6666.716635100209 10.204781587066872 -8.6 329.37494520496233 0.0006301239584677884
6684.719113264605 10.3 -8.5 329.470501803497 0.0005863306389575085
6703.792349924634 10.399999999999999 -8.4 329.56655871392394 0.0005211362687771118
6721.959341380545 10.435846998492682 -8.3 329.6631188515863 0.000489229837339815
6739.606050984356 10.4 -8.276016465486373 329.7300449377709 0.0004952121884367623
6757.019461740062 10.4 -8.2 329.7167828784975 0.0005012658845845078
6776.868885246795 10.4 -8.099999999999998 329.7042077141256 0.0005024591282075256
6794.59165541197 10.3 -8.1 329.67673468990404 0.0005036580974186133
6812.566192242587 10.2 -8.1 329.775593921784 0.0004999500730629842
6831.639548646235 10.068676155148268 -8.1 329.8354777388549 0.000489926606181342
6850.069809876279 9.9 -8.1 329.84871562089654 0.0004711855710505693
6867.453116223492 9.638603802474414 -8.2 329.9490559705065 0.0004403939180570868
6886.031981415823 9.47093767553017 -8.2 330.04992628495904 0.0004226371279363111
6904.320252320115 9.216133643069611 -8.2 330.04529810535064 0.0004236601072640943
6923.608050568715 8.994662461331417 -8.205337538668582 330.11999900771343 0.0004202578589619535
6943.0802021189 8.67319915718808 -8.3 330.19520546075677 0.000412080208670447
6960.82014285858 8.318395957622002 -8.2 330.20538022889167 0.0004100731748252319
6979.472581574089 8.063597142828408 -8.2 330.3087626233355 0.0004029359025297894
6998.070008614679 7.80879030709851 -8.2 330.29697755726716 0.00039230480333359984
7017.048486760613 7.5 -8.2 330.34641379690373 0.00038245331343412657
7034.585474623804 7.232525220656456 -8.2 330.36812074388604 0.00037456100344199325
7054.624624510783 7.0082905075239275 -8.2 330.3569368870438 0.0003645844108360049
7072.695324108652 6.8 -8.343743741846383 330.39662239797474 0.00036150190015127434
7091.501423224861 6.6 -8.473906482173035 330.4314112831753 0.0003587458611861773
7110.407729068628 6.469971535502772 -8.630028464497228 330.4109261395239 0.0003488520612118538
7130.184726879357 6.4 -8.808154581372571 330.50792199852236 0.00034589703814446704
7148.554249584701 6.3 -9.029618171983927 330.4987059857968 0.00034005081644209183
7166.902202573012 6.3 -9.2 330.6071562346805 0.0003426867798327776
7187.094267567261 6.3 -9.4 330.7161842098842 0.00034879125453105643
7205.44115765923 6.3999999999999995 -9.6 330.79081221101274 0.0003558633428474751
7224.811715721668 6.5 -9.6 330.8080427896007 0.0003595338679645171
7243.670637326573 6.6 -9.6 330.9187345700563 0.00037237898702213344
7263.794063786725 6.6 -9.6 330.91243402989477 0.00037824835354415015
7282.602593349438 6.700000000000001 -9.6 331.11644030166076 0.00040284533852606995
7301.580139134379 6.8 -9.6 331.2543775551802 0.00042463027288514987
7320.88177793918 6.9 -9.5 331.2525241471836 0.00042999227761592436
7341.459422432709 6.977635558783605 -9.5 331.25287287803604 0.0004268070101284266
7360.079925060717 7.1 -9.4 331.3069635362057 0.0004279037828361376
7379.457245331829 7.200000000000001 -9.4 331.3044212008381 0.0004333156778289349
7397.8581084290045 7.2 -9.4 331.31073767763667 0.0004390823830877985
7417.915558859969 7.3 -9.4 331.30067339117994 0.0004443418534937755
7438.322470009019 7.418311177199361 -9.3 331.3903079477632 0.0004454955632859807
7457.729234796566 7.60644940018039 -9.1 331.39345787953033 0.00045084042764465427
7476.9631128796245 7.8 -9.0 331.3900789401759 0.0004523066074469287
7496.81393501855 7.924077821990622 -8.975922178009377 331.37881688439376 0.0004489928736202553
7516.539387691819 8.1 -8.843721299628983 331.42455616630104 0.00044765542822600016
7536.551547467103 8.288484692295478 -8.7 331.37253871373423 0.0004468746401626782
7556.115436659512 8.413788686677576 -8.586211313322424 331.47727682195796 0.0004525455420196718
7576.254569620275 8.5 -8.5 331.5289959961188 0.00044923813369044833
7594.864671306201 8.6 -8.4 331.58876409294703 0.00044595373928436226
7614.652983196105 8.7 -8.3 331.5804198094439 0.0004471393094725132
7635.845132805247 8.7 -8.2 331.6162975221164 0.0004483312194589117
7655.555941397639 8.7 -8.1 331.56513065397024 0.0004495294733331094
7675.844020675006 8.7 -8.1 331.55819101157226 0.0004507341484847541
7695.754680477884 8.7 -8.0 331.5517268234951 0.00044952313732067595
7714.946682992122 8.7 -8.0 331.5457411105816 0.0004486559656450743
7734.708316155147 8.6 -7.926332925196957 331.57458288753253 0.0004498680494064175
7755.997392799774 8.6 -7.9 331.6657680241632 0.000453022542834252
7776.284693211115 8.7 -7.8 331.6613389443711 0.0004500584565849757
7795.310343638177 8.700000000000001 -7.7 331.64809162078217 0.000448710114641142
7815.860672210441 8.8 -7.673793127236463 331.6196590367138 0.0004490785894519555
7837.14899828991 8.914344536840698 -7.6 331.6322248356873 0.0004566855917444902
7856.624636420958 9.10248330483183 -7.5 331.645316576709 0.0004760250773039811
7877.7250251465575 9.390615910523964 -7.5 331.6466375356801 0.0005055930455155024
7898.0130882330905 9.6 -7.6 331.6870486814029 0.0005372521660569138
7918.301295771068 9.9 -7.650327205827257 331.7095512113269 0.0005377608106954005
7938.589305266407 10.18253239427669 -7.78253239427669 331.7753798977755 0.0005419291736496333
7959.877610735477 10.364732631660164 -7.9 331.7756104841045 0.0005434382770329264
7979.956957710047 10.5 -8.0 331.7763648324126 0.00053961215076781
8001.453731535955 10.6 -8.179139154200946 331.8051379405915 0.0005369196043199069
8020.741871675138 10.6 -8.311343288398877 331.8963957389966 0.0005373167322494704
8041.7872982646 10.7 -8.5 331.9138168763161 0.0005438263303035658
8062.317872159234 10.7 -8.7 331.81674722469006 0.0005457075585957644
8083.605972891158 10.7 -8.9 331.92035932866975 0.000547252989806911
8104.117676734264 10.8 -9.1 331.9244507814436 0.0005434206322910544
8124.227972793304 10.900000000000002 -9.322353534685284 331.8994886645798 0.0005331319267471245
8145.646885418515 11.0 -9.5 332.060785497194 0.0005196857355916084
8167.447987313253 11.191172135462867 -9.6 331.95176250156754 0.0005063322798227042
8188.046448306167 11.3 -9.768959746265057 331.9463808558513 0.0005303600490238599
8210.168332592662 11.5 -9.8 331.9532751033481 0.0005512483225425885
8231.278335945357 11.7 -9.9 331.96074172566506 0.0005528409904630149
8252.273652892713 11.9 -9.9 331.9687863362487 0.0005435970984764488
8272.465883581744 12.099999999999998 -9.9 331.97741313887445 0.0005523316371077371
8293.991161617061 12.286647089543603 -9.9 332.00441974287907 0.0005584123541034754
8315.775034195438 12.5 -9.8 332.0300680971518 0.0005704427635970142
8336.375384410081 12.84437585488595 -9.7 332.0810880045168 0.0005777754301947303
8358.567271980313 13.1 -9.615615389747962 332.03868085000397 0.00059098083098643
8379.549385657372 13.339181799507859 -9.599999999999998 332.16316516165534 0.0006068042420600758
8401.927369864861 13.690987713147425 -9.5 332.1875451709986 0.0006127710467623268
8422.917815257159 14.0 -9.4 332.3223906647162 0.0006200855012792556
8443.503702037508 14.170254503673709 -9.4 332.3759339172047 0.0006237476702871717
8466.791362041096 14.3917283672918 -9.308271632708202 332.4845430356272 0.0006299173349553353
8488.080055584687 14.6 -9.3 332.4370783353795 0.0006318028875576056
8509.911826056989 14.701334259744804 -9.2 332.37900845122937 0.0006336996696591785
8531.656129235558 15.022795651424685 -9.1 332.36631195033675 0.0006404254468291172
8552.930458818704 15.4 -9.0 332.41381372397535 0.000643787713927352
8574.232303653227 15.6 -8.901390823625894 332.4312866612133 0.000639459131965465
8597.520448874238 15.88080759133068 -8.9 332.44941280570777 0.0006289718859354658
8618.760780049559 16.1 -8.8 332.46819523087606 0.0006247370362503203
8641.730924806654 16.2 -8.8 332.6227698282522 0.0006144683589493639
8662.65363413507 16.3 -8.8 332.50775313370207 0.0005995133695255175
8684.672883011977 16.3 -8.873072682701377 332.56498231749333 0.0006018696349181697
8707.960855743479 16.2 -8.9 332.56107725832 0.0005967013040939839
8729.311372066393 16.2 -9.02402139358698 332.5721450064446 0.0005863751101430211
8751.421430034557 16.2 -9.2 332.5949783958338 0.0005824109403625849
8774.825169436279 16.1 -9.3 332.6185064346415 0.0005727739985544037
8797.113166224966 16.2 -9.420629235906983 332.7506480616331 0.0005554482199227443
8818.40128864822 16.2 -9.552829155624162 332.80375463743314 0.0005242276761627262
8841.689394398843 16.3 -9.6 332.78179639817745 0.0005010703366207442
8863.977456184228 16.3 -9.7 332.76433209906867 0.0004828616077971086
8886.581991521743 16.3 -9.7 332.8832038817146 0.00046449020737346857
8908.553806224361 16.4 -9.7 332.8679170501392 0.0004589066704401626
8930.868314647973 16.3 -9.6 332.92087114073587 0.0004650553823543342
8954.274840966407 16.3 -9.6 332.969205956929 0.0004618371947951828
8977.522661876179 16.114503180671864 -9.5 332.99935854080667 0.000432117421356817
8999.706258034032 15.9 -9.3 333.0302610590867 0.00039429409351549125
9023.161714234764 15.607343549149206 -9.107343549149208 333.071996401475 0.0003919317329367965
9047.282456159293 15.316765715304726 -8.916765715304727 333.1173687035235 0.0004174884034719036
9069.463146145461 14.899999999999999 -8.6 333.12754418350556 0.0004192574153931975
9093.572262319305 14.610737077090759 -8.31073707709076 333.29910199469515 0.0003805978748711724
9115.146786299152 14.28569344201738 -8.0 333.58970636638946 0.0003418499689793565
9138.869730279288 13.99633034252119 -7.696330342521191 333.7831845709411 0.000275373270056372
9161.903552707749 13.728256743017795 -7.300000000000001 334.0959844527783 0.0001945554750666786
9185.513516030358 13.581928945845023 -6.9 334.27200816654374 0.00014577214228057958
9209.299041212471 13.4 -6.549729679392854 334.44910515383486 0.00012355951260468613
9231.587033496267 13.217523969688212 -6.217523969688214 334.76564422661755 0.00011393147512054233
9254.87537926116 13.135324162593312 -6.0 335.0835372897443 0.00011063240053658122
9279.163255255728 13.003115518470985 -5.8 335.12554246762267 0.00010926921201859708
9304.564357930361 13.0 -5.700000000000001 335.0296359587586 0.00010587197435440632
9328.174249012023 12.9 -5.6 335.0732029537895 0.00010622799845392548
9351.78446832451 12.9 -5.7 335.11762870568305 0.00010412674993283365
9376.315813710882 12.9 -5.875689366490171 335.3020763381285 0.00010418417831171147
9399.603696810487 12.9 -6.0 335.33737264763874 0.00010483419551062529
9422.891844990958 12.9 -6.14009242026217 335.33964316029596 0.00010642735369228648
9446.225180926045 12.900000000000002 -6.3 335.4436134304141 0.0001102370403956126
9470.83499683959 12.900000000000002 -6.4 335.3528705259945 0.00010968650431684782
9494.756117827284 12.9 -6.4 335.40259652576856 0.00010878884778672261
9519.044479548556 12.83109705431788 -6.5 335.35677806696003 0.000107035045386193
9545.165512533282 12.8 -6.499999999999999 335.3646684717428 0.00010702940910517942
9568.620517641828 12.883310250665627 -6.6 335.3001596265818 0.0001075982619650857
9593.885947757515 12.899999999999999 -6.6 335.3298887816197 0.00010776280895165997
9616.49576045331 13.0 -6.6 335.3839626406914 0.00010938193002225147
9642.484842031712 13.1 -6.629915209066208 335.39689873107784 0.00010941406652985981
9666.215941030052 13.2 -6.699999999999999 335.3541517122025 0.0001077913138288684
9692.060918796597 13.344318820601039 -6.8 335.41095756456207 0.00010676207931360141
9716.436462706119 13.5 -6.9 335.4687361639363 0.00010589352793243938
9741.274649907538 13.6 -7.0 335.52749693038265 0.00010503208344970691
9765.925232699628 13.7 -7.2 335.4714974146219 0.00010318112888978632
9790.766544811024 13.8 -7.4 335.47372642406253 0.00010305062081487432
9815.501520262971 13.9 -7.555330896220474 335.4264067297226 0.00010316124229482591
9840.986937731497 13.9 -7.787538006574278 335.48889384249037 0.00010271073747206783
9866.73097228429 14.0 -7.9 335.52438019682484 0.00010299554544742446
9890.707066370567 14.0 -8.1 335.56774923278755 0.00010319026120747269
9915.653752094839 14.0 -8.2 335.5402838135354 0.00010277194974947192
9940.927672779668 14.099999999999998 -8.3 335.5122919675315 0.0001019402783175328
9968.037549868286 14.2 -8.498553455593328 335.53383964589335 0.00010113280035531496
9992.647745478767 14.380750997365725 -8.6 335.60026419371115 0.00010148942864232944
10018.257631101531 14.512954909575349 -8.7 335.6513199217843 0.00010171109131451925
10045.094270175634 14.74515262203062 -8.8 335.59747202519645 0.0001010448550795357
10070.382525348297 14.927356754390857 -9.0 335.48673524015743 9.990741040164103e-05
10095.588297915794 15.200000000000001 -9.200000000000001 335.4551497110624 9.942245913527895e-05
10120.958569538312 15.391765958315911 -9.399999999999999 335.54049747121746 9.979710157975527e-05
10146.246589838775 15.6 -9.673964238457785 335.60335332033594 0.0001001745813872462
10173.534891835101 15.8 -9.9 335.6791626968337 9.937019514632895e-05
10197.822838330236 16.088372295877555 -10.0 335.62891119572805 9.754389770089394e-05
10225.13899460995 16.3 -9.9 335.834249443909 9.435162420350755e-05
10251.248934678293 16.5 -9.697220107801014 336.2020716990458 8.812713205812543e-05
10278.687223496578 16.7 -9.4 336.42729588952153 7.954380402074695e-05
10303.969399361678 16.9 -8.9 336.65403707099796 7.305158070240298e-05
10331.263309519729 17.1 -8.500612012766423 336.88230864737056 6.829021574686632e-05
10357.103301318928 17.3 -8.16841726200676 337.1121283408598 6.264049752263183e-05
10383.839455124105 17.5 -7.872417467026812 337.34350509658225 5.84005112042851e-05
10411.12766711478 17.7 -7.6 337.4312334473798 5.4954309992189364e-05
10437.019577149387 17.9 -7.52180832213049 337.6656106124026 5.344039397283469e-05
10464.704013309947 18.1 -7.5 337.75603867594816 5.2319838401733785e-05
10492.99193364658 18.292600332748687 -7.6 337.8477526094279 5.182255568172899e-05
10518.350266576768 18.4 -7.7 337.90458644761355 5.078041917073245e-05
10545.568048761066 18.507005331535378 -7.807005331535376 337.88904602282275 4.97112156564679e-05
10574.07031453124 18.63920121902666 -8.0 337.9845348089874 4.95296592691665e-05
10601.144225859975 18.7 -8.1 337.93497301409263 4.948257781954113e-05
10627.86525044438 18.8 -8.2 338.03298219896936 4.843906854727613e-05
10655.900717175607 18.8 -8.2 338.1323537734621 4.908138634630326e-05
10683.008512832237 18.8 -8.3 338.20663857795995 5.008996846398009e-05
10710.296772119367 18.8 -8.249787179194085 338.33525075348825 5.029576086857491e-05
10738.584900147409 18.9 -8.2 338.43880012363326 4.923838246496922e-05
10765.872803235754 19.000000000000004 -8.1 338.39635364722267 4.69889931392058e-05
10794.161030239453 19.1 -8.0 338.6501781799776 4.456581419918248e-05
10822.44923100789 19.279025755986353 -8.0 338.7580336624876 4.168009521767285e-05
10851.47488195223 19.4 -8.0 339.01529889316186 3.872977102015206e-05
10879.281601137363 19.6 -8.1 339.274399534013 3.746985677771312e-05
10906.891615782833 19.8 -8.4 339.53535592652935 3.707765810436014e-05
10936.502045080655 20.0 -8.657832315656659 339.9466643588511 3.507361912260485e-05
10964.889599137776 20.3 -9.0 340.36022322314363 3.241406477584536e-05
10994.222383474871 20.722239978444446 -9.5 340.4452639125715 3.074495062801056e-05
11023.46569636922 21.3 -9.904447669497433 340.5980859208663 3.0157184775780322e-05
11050.942402200775 21.836642409230492 -10.3 340.6647030341459 2.9349724650362377e-05
11080.552324835146 22.31884804401549 -10.618848044015486 340.6928870517838 2.9228907432646686e-05
11110.16267223103 22.851046496702935 -10.9 340.8172155768094 2.8967530271124376e-05
11138.772811190605 23.383253444620607 -11.1 341.09294136125357 2.870860756707314e-05
11167.906148820843 23.81545622381209 -11.315456223812092 341.22073987222666 2.8452122267010926e-05
11197.19431152054 24.200000000000003 -11.5 341.5789373116037 2.8019226252393472e-05
11227.482364397376 24.5 -11.629857788013522 341.7820296106742 2.6484803146414753e-05
11257.541627703531 24.8 -11.762059109934416 342.06579680317725 2.5548328285657498e-05
11287.323281867823 25.0 -11.8 342.2009563296854 2.4310267014248385e-05
11316.433647233418 25.3 -11.900000000000002 342.18695684088607 2.3444145276738103e-05
11346.543761074554 25.60867294466835 -12.0 342.32543536333736 2.260622221456657e-05
11375.922911149726 25.990875221491113 -12.0 342.6169985017261 2.2708784829070978e-05
11408.211259826408 26.3 -12.0 342.60776847937467 2.219693838529727e-05
11436.998725499167 26.705281495660216 -12.0 342.75165917264667 2.1995256220911365e-05
11467.787174941825 27.07496813747919 -12.0 342.78352146219777 2.1278408143001606e-05
11498.594005135797 27.4 -11.9 342.89290730607877 2.1011901177501806e-05
11528.704179576174 27.7 -12.0 343.0421951576096 2.0820693960254557e-05
11558.62934664849 27.9 -12.1 343.1414041760516 2.0631349068442072e-05
11590.879840751912 28.0 -12.2 343.29674523902213 2.0728020218621755e-05
11620.227754336207 28.2 -12.496996018797809 343.50158235838705 2.0825602549353014e-05
11652.51592830315 28.4 -12.7 343.658630051183 1.9578149035638886e-05
11684.803782598807 28.612898207578766 -12.912898207578767 343.6643524671987 1.881716110249605e-05
11715.184426151156 28.7 -13.045094564970135 343.82520596677705 1.8387238416027018e-05
11745.950882305482 28.7 -13.1 343.9880969923489 1.8219299457135144e-05
11776.668382231412 28.6 -12.980982353890377 344.12377434577115 1.8053023778326864e-05
11809.956285563321 28.4 -12.8 344.1787188049462 1.7909278291527637e-05
11841.244263655988 28.2 -12.6 344.0261386650717 1.7478526534262647e-05
11874.532377579199 28.1 -12.5 344.0422031577681 1.731912409561249e-05
11904.820526216718 28.2 -12.361690560520053 344.1554860129984 1.706937789360038e-05
11938.108544970946 28.37051315541794 -12.3 344.2345591754334 1.6767148885414333e-05
11969.246084887212 28.5 -12.2 344.41133518488647 1.661436892093347e-05
12003.684938248003 28.58492169774426 -12.2 344.4583161833626 1.581258742228631e-05
12034.972830272236 28.5 -12.2 344.4602455390908 1.5196264363912912e-05
12067.076393753789 28.4 -12.399999999999999 344.6433669530978 1.5272852580150053e-05
12101.549272696255 28.21847212492421 -12.581527875075789 344.7015007502495 1.5173283430484773e-05
12134.59390366274 28.186268182593636 -12.900000000000002 344.8387435146739 1.496583307045254e-05
12167.251152641924 28.1 -13.2 345.05014687027057 1.4647480378518286e-05
12200.41361288399 28.1 -13.5 345.1542150908321 1.4192791798662317e-05
12232.701413580147 28.1 -13.800000000000002 345.2801880224492 1.3775342799557537e-05
12266.989623218058 27.9 -14.0 345.6344680642635 1.345401568027697e-05
12299.847003673482 27.475259419548564 -14.224740580451432 345.83418659833137 1.295113797756142e-05
12334.348567984274 26.943059926530374 -14.4 346.19418765965514 1.2543881201425761e-05
12367.280812388639 26.160857200262097 -14.399999999999999 346.3992276121654 1.2280895979179326e-05
12403.142311581289 25.328653126856 -14.4 347.19445753428806 1.2237077336583992e-05
12436.287790235196 24.196442210467787 -14.4 347.77358936918546 1.1955510433399197e-05
12470.397668688363 23.128488390592146 -14.3 348.2997517769668 1.1522517724939087e-05
12505.016680969673 22.132046626232736 -14.232046626232735 348.8352341619289 1.122671136203661e-05
12541.11809308459 21.19966638060653 -14.099666380606529 349.05602848673726 1.0800979439802127e-05
12576.45690875409 20.317638138308237 -13.717638138308239 349.43906244246574 1.0390090131843473e-05
12609.838628860745 19.47086182491821 -13.3 349.50600787577423 9.804197156385706e-06
12646.448296171522 18.603227422785128 -12.803227422785127 349.895214928335 9.33352209539251e-06
12681.670433276398 17.671034076569565 -12.271034076569563 350.1276201420593 8.969766180033716e-06
12718.168430074249 16.788826112060047 -11.788826112060047 350.5054811812399 8.739022458406959e-06
12754.022955997856 15.856631398515056 -11.2 350.9227022262321 8.414806592717428e-06
12789.622774310794 15.174426100053626 -10.574426100053627 351.16454516139686 7.936179968883248e-06
12826.998801189633 14.684430642230176 -9.884430642230175 351.2482122720679 7.54070933928132e-06
12863.218799970215 14.360023976207353 -8.960023976207353 351.65745500601383 7.356495167354977e-06
12897.439268522388 14.2 -8.155624000595708 351.5850821238354 7.067725629041762e-06
12935.927483627795 14.2 -7.491214629552238 352.48699040177667 7.21787483277402e-06
12973.879545051175 14.3 -6.9268129093051165 353.23197741599733 7.149708244423392e-06
13010.549366803603 14.400000000000002 -6.699999999999999 353.81930134897834 7.08229459618077e-06
13047.159790540172 14.6 -6.7 354.2482145399986 7.0156281070878625e-06
13084.615735433872 14.8 -6.6 354.3822389462386 6.653926369013048e-06
13122.760781497602 15.06539338584683 -6.4 354.3009609811647 6.374285970987073e-06
13160.78810834727 15.29521562995205 -5.9 354.4131128095241 6.217061140559642e-06
13198.479998800205 15.4 -5.120198194212163 354.39740039145255 6.0826093988009954e-06
13235.768507279254 15.400000000000002 -4.038000029994859 354.9748282516291 6.100136820891195e-06
13275.820394181635 15.3 -2.8057873180186825 355.91914151764706 6.238802394195764e-06
13315.344266372762 15.2 -1.4471842327346232 356.53984266145875 6.271318676065905e-06
13352.632731467964 15.3 -0.441393340680973 357.0003580306576 6.212810012334525e-06
13392.920561959585 15.4 0.2 357.46525765785736 6.060003311718753e-06
13431.522665164157 15.600000000000001 0.5730140489896363 357.6032707104489 5.9107405441762994e-06
13473.496663551234 15.799999999999999 0.6 357.9105789478445 5.76494411897852e-06
13512.962936731663 15.899999999999999 0.5999999999999999 357.99338534694016 5.589788030745924e-06
13554.091714515473 16.0 0.5 357.8709375158272 5.397944369732116e-06
13593.360969885081 16.2 0.4 357.8554197124188 5.264031346636448e-06
13634.811599499124 16.53402424712699 0.1659757528730102 358.01001735557844 5.161086559418446e-06
13673.844225221315 17.21623198998245 -0.3162319899824509 357.97352774594106 5.0724620493747985e-06
13716.064150545251 17.896884504426307 -0.996884504426308 358.1622569184032 5.118588483194442e-06
13756.28446467945 18.661283010905034 -1.8612830109050345 358.9999509493689 5.234293357313373e-06
13797.504866296977 18.87431070641103 -2.7 359.8439479031192 5.1861961464472535e-06
13838.179888402065 18.509902674060456 -3.2 360.1881052416348 5.0578496678417195e-06
13882.472476501025 17.745502789948375 -3.5 360.53682785244354 4.777942954534005e-06
13925.16551825153 16.690550469979488 -3.6 361.55174406909566 4.802934867162848e-06
13966.192409323303 15.716689634969425 -3.5999999999999996 361.9271349513788 4.5429360516777184e-06
14008.727268456076 14.776151813533957 -3.7 361.9106535124402 4.2047899953352906e-06
14052.591418116004 13.887878859065424 -3.9000000000000004 362.2989510998068 4.041111104403718e-06
14094.046322618335 13.2 -4.3 362.39158651398685 3.835682521294504e-06
14137.266879933992 12.5 -4.8 362.8302576627795 3.7605345859475404e-06
14180.789486054719 11.794662401320174 -5.2 363.6262294660467 3.7505741108981192e-06
14225.707076581291 10.930262848632058 -5.2 364.35877053341625 3.655843049631739e-06
14268.92767343602 9.965858468374186 -4.865858468374187 364.9259061087205 3.50548619503092e-06
14313.777055759858 9.101446531279647 -4.5 365.3266900521853 3.306777889314318e-06
14360.683689674359 8.537049070669037 -4.0370490706690365 365.4513767236099 3.0847302794227284e-06
14404.588301551716 8.2 -3.8 365.27902798235823 2.8894545459986245e-06
14449.246599462822 8.1 -3.7 365.3619974787704 2.7723075017622578e-06
14496.822908346598 8.0 -3.8 366.11624567823947 2.7889115479348183e-06
14540.248941104499 8.1 -3.8999999999999995 366.8921079809557 2.763033413971149e-06
14589.46896710407 8.4 -3.8999999999999995 367.67542671610477 2.783742464579956e-06
14633.689442649087 8.84937934208141 -3.8 368.11632745370537 2.6671008651942724e-06
14681.909592884118 9.3 -3.5 368.3880439500134 2.5984515514146513e-06
14730.12970083101 9.7 -3.1 368.48954290343295 2.48907395489906e-06
14774.350270124076 10.099999999999998 -2.5 368.77206857816634 2.3839855778273132e-06
14824.57025775473 10.6 -1.8929945975185043 368.8838026126038 2.283031943975667e-06
14872.43236131663 11.271405155094651 -1.228594844905348 369.3544840166197 2.3009491934326703e-06
14919.00889545054 11.900000000000002 -0.9000000000000001 369.654596686376 2.203355980451203e-06
14970.230936663924 12.3 -0.9 369.9607963971586 2.1832333892627962e-06
15017.451220795385 12.0 -1.3646187332784614 370.8076408922067 2.2007805995792996e-06
15069.737391987483 11.270975584092314 -1.6 372.37750100025346 2.2958253105943315e-06
15117.89163065295 10.106565200312946 -1.3 374.13861331241094 2.394925606582018e-06
15170.88960772094 9.242167386941018 -0.18433477388203529 375.0161181397444 2.333641127148505e-06
15218.332364307893 8.8 1.1222401930234809 375.54333150976606 2.1888887053327335e-06
15270.04187269495 8.6 1.9 376.4388359400642 2.104172686132213e-06
15322.772819724782 8.3 2.3 377.16335783382596 2.049952779813047e-06
15376.194401234434 7.584543605504367 2.4 377.89688175869935 1.9290056289754518e-06
15430.213068577334 6.620139969139181 2.579860030860818 378.8211487236514 1.9455747846394985e-06
15482.433652686495 5.755738628453317 3.0 379.0276551836864 1.7987137352231294e-06
15535.653652714998 5.1 3.608673053729924 379.0585443559563 1.662137124626833e-06
15585.873815180317 4.7 4.573073054299961 379.4613476398063 1.61875515024808e-06
15642.0756083093 4.6 5.537476303606359 380.2389784247368 1.5488403639254613e-06
15696.314318960427 5.099999999999999 6.5 380.84287353393074 1.5353019003889362e-06
15749.5345822329 6.166286379208513 6.8 381.3940210441549 1.4862990563877929e-06
15805.80414626058 7.4306916446580225 6.569308355341977 382.0222825434115 1.5006760228332745e-06
15861.975001543075 8.795103656514533 6.2 382.52636847973446 1.4695200837068687e-06
15921.195371465841 9.759500030861481 5.8 382.6864225767257 1.4312126263146037e-06
15976.532630401038 10.1 5.2 382.8895269605872 1.3938960895924748e-06
16033.10856149761 10.1 4.5116842399740955 382.9894966075174 1.3821262939773573e-06
16088.856184810893 10.1 3.847285962559768 383.0970630554766 1.2985388061125566e-06
16149.076406730725 10.3 3.2 383.5558456881132 1.2876584886999706e-06
16205.296421523155 10.2 2.2184718653854762 383.9006935063213 1.2769589306169258e-06
16265.517024430805 9.25407156953688 0.9540715695368797 384.9780282325611 1.3369488752844212e-06
16326.989632193374 7.489659511383942 -0.1103404886160583 386.069103027057 1.3800146021056076e-06
16387.565729811744 6.125259195165636 -0.4 387.9339633920339 1.5394606752622867e-06
16447.17789275498 5.9 -0.2 389.62712014121496 1.618828728510896e-06
16510.39768991488 6.5035578550996 -0.4 390.3763790209613 1.6637797769579978e-06
16571.617926087325 6.9 -1.0 390.9605045403843 1.6820923113887607e-06
16634.83863203652 5.967641478253471 -1.832358521746529 392.18857634937103 1.6794366181138914e-06
16698.44668584662 4.203227359269546 -2.6 393.69356990550546 1.6585512975550382e-06
16764.278715240496 2.338832853834519 -3.1 395.6659895470267 1.736108436097166e-06
16826.599369927833 1.4 -3.3 398.04764823815606 1.7863788233159754e-06
16893.175235349507 1.3 -3.2 399.48092783079704 1.8382780036263292e-06
16961.751625820554 0.9456191162623424 -2.5456191162623423 400.54268212302605 1.7595459901130533e-06
17029.159806798587 0.3 -2.1 400.99708522478994 1.658890184702371e-06
17095.37975255811 -0.3831961359717493 -2.0831961359717495 401.53849501008216 1.515380777731029e-06
17164.600380099015 -0.7 -1.8524049488377814 402.2539345977036 1.4692510465862041e-06
17232.820416680494 -0.5 -1.1879923980197564 403.38020881214266 1.456430319705816e-06
17304.04048471494 -0.8 -0.023591666390146718 404.3734505904607 1.4044433279437287e-06
17379.261262034957 -1.6 1.1 404.77501598449066 1.3253228905667212e-06
17449.481043748332 -2.1 1.8 407.0719314079825 1.4319224403850223e-06
17522.701243288542 -2.2 1.7 407.7358364362782 1.3798529353052548e-06
17594.937672753917 -2.1 1.0 409.16725567959816 1.3977453353528705e-06
17667.141689950888 -2.0 0.7 410.14488640417494 1.3808427895384259e-06
17747.089625050416 -2.3628337990177313 1.2 410.8753159643279 1.3388566381858926e-06
17817.5826379212 -3.5272406262603404 2.5272406262603404 412.4927128546905 1.3403304247133436e-06
17898.802357543118 -4.3 3.691652758424043 415.6394338228381 1.4877018901294362e-06
17979.818281844502 -3.7 3.9 417.79989999912243 1.5630823467596611e-06
18054.243198857796 -2.7795429538874634 2.9795429538874636 419.99122262690844 1.6602534095049442e-06
18138.463049148828 -2.4 2.2151360228440558 421.3890888092973 1.6050882490302407e-06
18219.54696829354 -3.3492609829765243 2.2 423.1224678708749 1.6120696315712257e-06
18302.903775512055 -4.8 3.2136742073384434 425.540700143929 1.6535563865380443e-06
18390.123767839235 -5.4 4.778075510241067 427.2512098873194 1.6489488037606696e-06
18474.344610306907 -5.0 5.6 429.13900093486563 1.6355812603716152e-06
18559.564369952688 -4.9 5.293107793861853 432.5936738146981 1.7821427442295486e-06
18647.784517232627 -4.52871260094623 4.32871260094623 434.5868903311925 1.8435608426564392e-06
18740.005557805373 -3.6643096553474415 3.5 435.9938264860087 1.7717351331890147e-06
18830.224984628094 -3.800111156107449 3.3 439.13759202487245 1.7984454589718305e-06
18923.734361946146 -4.9 3.1355003074381274 442.11440546877793 1.963330147753821e-06
19018.666065265745 -5.4 2.9999999999999996 442.926655548918 1.7879130381753936e-06
19111.88562245768 -5.106678694685085 3.9933213053149146 444.32480319222554 1.7509730990543905e-06
19211.10612613893 -4.3 4.442287550846397 446.03769073193047 1.683884991612213e-06
19311.191892811254 -3.5 3.3778774772214213 449.0637560477281 1.8079880433085517e-06
19410.546286950823 -4.386531546854231 2.5 452.26889463774063 1.9062750014029697e-06
19515.76699697136 -5.9 2.8 454.6498521028075 2.0471417225944094e-06
19616.987103860578 -5.2 4.21533993942723 456.8591233254391 2.0077950738682256e-06
19727.20698236385 -3.820257922788441 5.1 463.5160022358787 2.574074213754055e-06
19836.427921647326 -2.9 3.4558603527230476 467.45594939206853 2.7248962615874845e-06
19946.647647208858 -3.0999999999999996 1.8 471.215433077786 2.879254652035143e-06
20064.49417112791 -3.8 1.7 475.0067224302187 3.0337194944812003e-06
20180.10669130413 -3.7 0.7626457218023199 480.7047461503587 3.560063673894032e-06
20297.30821033506 -4.2 -0.39999999999999997 482.6220927391232 3.5024039273863204e-06
20420.528488043798 -3.9338357932988135 -0.3338357932988136 486.20151692475827 3.5705165690642934e-06
20542.749496000757 -2.9000000000000004 1.5305697608759739 489.397499383403 3.514979339592246e-06
20670.9687969176 -2.4 3.205010079984858 491.985312887011 3.526359500638991e-06
20805.189312855277 -1.340624061648022 1.081248123296044 496.02076785565134 3.660161630771527e-06
20934.409929975693 -0.8237862571055243 -1.9237862571055242 499.2206743313914 3.737344526652821e-06
21070.155293928852 -2.788198599513836 -3.3 501.5327594556025 3.8859094566963e-06
21215.850198621385 -4.2 -3.2 506.94060752974167 4.297087950973093e-06
21348.884446698834 -4.017003972427701 -4.4 510.02019923372285 4.344338649951824e-06
21500.29006037185 -6.6814074449805885 -5.1814074449805885 512.4261553299783 4.228347420413463e-06
21648.51115859946 -9.44580120743708 -4.654198792562919 515.3630888538808 4.177844700185952e-06
21796.73082466938 -10.710223171989165 -1.489776828010834 518.1547671975925 4.129863195376535e-06
21955.950750996446 -10.82538350661238 0.4746164933876212 522.3376392876189 4.384557219665166e-06
22119.172210191915 -7.760984980071122 1.4 525.530776343578 4.339387364248784e-06
22274.391289678468 -5.096555796161722 0.6 529.1524321136208 4.695016216002953e-06
22450.933792600605 -6.16782579356934 0.2 531.897816079458 4.332569912015503e-06
22617.79952097343 -9.7 1.5 539.0649233734052 5.1306378478871385e-06
22800.662124683702 -7.703341317109511 1.2033413171095102 544.8901536652216 5.656245279733117e-06
22987.272302957303 -7.4 -0.1 550.6595729238094 5.823945663854181e-06
23171.391867938128 -8.6 -0.3 555.8345879833732 6.2118605452676625e-06
23374.254726274332 -6.610135534364552 0.31013553436455205 562.2475654869343 6.865934750687054e-06
23584.93319799704 -4.045754562094495 -0.5 572.458990900159 8.499902991576523e-06
23786.984194140885 -7.018663959940806 -1.7999999999999998 580.8235082985796 1.0671047132046692e-05
24018.372800130433 -9.4 0.3830699023480677 587.7394312179592 1.1033742985692385e-05
24251.5942071834 -4.652543997391341 -0.5474560026086592 598.7333416386357 1.328854327278955e-05
24482.57649250683 -6.4118841436679475 -2.7 605.7131123971185 1.5475817751005257e-05
24738.44003777166 -8.3 -2.423725124886194 612.9403882361602 1.6537899554649493e-05
25003.35752169019 -6.45933270380568 0.34066729619431974 618.6771463981146 1.641873642709661e-05
25260.168752334725 -3.0 2.7948925472829576 625.5255686140699 1.680949147596065e-05
25549.69398057514 -3.5 -0.6694792055787205 629.8827191429589 1.6397165641958563e-05
25826.899673054202 -7.033879611502772 -0.06612038849722834 640.1067545670282 1.7709615774669566e-05
26145.134130526643 -9.00167211576328 4.7 651.1475999054373 2.0477554312431304e-05
26480.625605350124 -9.3 4.462682610532867 662.9022760175842 2.42528240208356e-05
26811.491586523054 -8.0 7.672906577497923 670.6291176034944 2.373305643267542e-05
27191.35307669465 -6.991526442050892 -1.4 692.7364813577857 3.6356748413594596e-05
27588.21857299667 -9.344115388422548 3.655884611577453 703.068615565404 3.997480611904915e-05
27983.083291741565 -4.12030954994449 0.8796904500555104 715.8525497841373 4.078491976406573e-05
28437.945059917736 -2.915278470973929 -1.8000000000000003 733.6653450052722 5.092493529510579e-05
28933.67647747636 -6.198168663924654 -8.2 747.6813907940266 5.445646542589244e-05
29417.674637826294 -8.3 -5.3999999999999995 762.0107548658962 5.6688856838435676e-05
29995.53679837763 -7.0 -8.0 783.5223343393639 7.05983771902097e-05
30634.337838590538 -10.657720027039469 -4.71544005407894 801.9760335481755 7.490610626912543e-05
31285.265281722706 -8.293243228189283 -1.5932432281892828 838.6648459724028 0.00011964162878434042
32079.128030181513 -8.5 0.3 870.2277743020172 0.00015005553698984727
32895.0 -10.43546716969196 5.435467169691959 899.4729445048561 0.00017136073794259983