-----------------------------------------------------------------------------
   PRES   HGHT   TEMP   DWPT   RELH   MIXR   DRCT   SKNT   THTA   THTE   THTV
    hPa     m      C      C      %    g/kg    deg   knot     K      K      K 
-----------------------------------------------------------------------------
 1000.0    150                                                               
  997.0    180   18.0   17.2     95  12.54      0      0  291.4  327.0  293.6
  980.0    327   19.0   16.0     83  11.80    345      3  293.8  327.7  295.9
  948.0    610   18.1   13.9     77  10.66    315     10  295.7  326.6  297.6
  925.0    820   17.4   12.4     72   9.87    310      9  297.1  326.0  298.9
  919.0    876   17.2   12.2     72   9.80    316      9  297.4  326.2  299.2
  914.9    914   16.9   12.0     73   9.74    320      9  297.5  326.1  299.3
  882.6   1219   14.6   10.7     77   9.23    350     14  298.2  325.4  299.9
  851.4   1524   12.3    9.4     82   8.74    340     12  298.9  324.7  300.5
  850.0   1538   12.2    9.3     82   8.72      5     10  298.9  324.7  300.5
  820.7   1829    9.9    7.6     85   8.04     15     15  299.5  323.4  301.0
  791.0   2134    7.6    5.8     89   7.37     40     11  300.1  322.2  301.5
  765.0   2411    5.4    4.2     92   6.80     22     11  300.7  321.2  301.9
  762.5   2438    5.5    3.6     87   6.52     20     11  301.1  320.8  302.3
  760.0   2465    5.6    2.9     83   6.24     18     11  301.5  320.4  302.6
  737.0   2717    5.4    2.3     80   6.17      2      9  303.9  322.8  305.1
  734.6   2743    5.2    2.2     81   6.13      0      9  304.0  322.8  305.2
  707.6   3048    3.4    0.7     83   5.73    355     10  305.2  322.9  306.3
  700.0   3136    2.8    0.3     84   5.62    350     10  305.6  322.9  306.6
  673.0   3454    0.8   -1.4     85   5.16      5     11  306.8  322.9  307.7
  656.1   3658    0.5   -4.8     67   4.08     15     12  308.6  321.6  309.4
  642.0   3832    0.2   -7.8     55   3.33     21     13  310.2  321.0  310.9
  631.7   3962   -0.8   -8.3     57   3.26     25     13  310.6  321.2  311.2
  622.0   4085   -1.7   -8.7     59   3.20     25     13  310.9  321.3  311.5
  613.0   4201   -2.1  -15.1     36   1.94     25     12  311.7  318.2  312.1
  607.9   4267   -2.5  -16.4     33   1.76     25     12  312.0  318.0  312.4
  602.0   4345   -2.9  -17.9     30   1.56     25     13  312.4  317.7  312.7
  599.0   4384   -3.3  -14.3     42   2.12     25     13  312.4  319.5  312.8
  594.0   4451   -3.7  -15.7     39   1.90     25     13  312.7  319.1  313.1
  590.0   4504   -4.3  -12.3     54   2.53     25     14  312.6  321.0  313.1
  584.9   4572   -4.5  -18.0     34   1.59     25     14  313.1  318.6  313.5
  579.0   4652   -4.7  -24.7     19   0.90     21     14  313.8  317.0  314.0
  562.6   4877   -6.3  -21.8     28   1.20     10     14  314.5  318.6  314.7
  561.0   4900   -6.5  -21.5     29   1.23      9     14  314.5  318.8  314.8
  551.0   5040   -7.3  -26.3     20   0.82      2     12  315.2  318.1  315.4
  541.0   5182   -8.3  -25.3     24   0.91    355     11  315.7  318.9  315.8
  520.1   5486   -9.8  -30.8     16   0.57      5     15  317.4  319.5  317.5
  500.0   5790  -11.3  -36.3     11   0.35      0     15  319.2  320.5  319.3
  493.0   5898  -11.9  -38.9      9   0.27      0     14  319.8  320.8  319.8
  480.3   6096  -13.5  -39.6      9   0.26      0     12  320.2  321.2  320.2
  463.0   6374  -15.7  -40.7     10   0.24    351     12  320.8  321.7  320.9
  461.3   6401  -15.9  -39.5     11   0.27    350     12  320.9  321.9  320.9
  447.0   6637  -17.7  -28.7     38   0.81    358     13  321.5  324.5  321.7
  445.0   6671  -17.9  -27.9     41   0.87    359     13  321.7  324.9  321.9
  442.0   6721  -17.9  -30.9     31   0.66      0     13  322.3  324.8  322.4
  439.0   6772  -18.3  -28.3     41   0.85      2     13  322.4  325.5  322.6
  434.0   6857  -18.3  -37.3     17   0.36      5     14  323.5  324.9  323.6
  431.0   6909  -18.3  -37.3     17   0.36      7     14  324.1  325.5  324.2
  425.2   7010  -19.2  -36.4     20   0.40     10     14  324.3  325.8  324.4
  409.0   7297  -21.7  -33.7     33   0.55     19     17  324.6  326.7  324.7
  408.0   7315  -21.8  -34.1     32   0.52     20     17  324.7  326.7  324.9
  400.0   7460  -22.5  -37.5     24   0.38     20     17  325.7  327.1  325.7
  391.4   7620  -23.6  -39.9     21   0.30     15     19  326.3  327.5  326.4
  381.0   7817  -24.9  -42.9     17   0.23     14     20  327.1  328.0  327.1
  328.0   8889  -34.1  -47.1     26   0.17     11     26  328.7  329.4  328.7
  321.0   9040  -34.9  -51.9     16   0.10     10     26  329.6  330.1  329.6
  316.2   9144  -35.6  -53.3     15   0.09     10     27  330.0  330.4  330.0
  300.0   9510  -38.3  -58.3     10   0.05      5     29  331.3  331.5  331.3
  297.0   9579  -38.9  -58.9     10   0.05      4     29  331.4  331.6  331.4
  276.5  10058  -43.1  -61.2     12   0.04      0     28  332.1  332.3  332.1
  256.0  10575  -47.7  -63.7     14   0.03     11     33  332.8  332.9  332.8
  250.0  10730  -49.1  -61.1     23   0.04     15     34  332.9  333.1  332.9
  238.0  11052  -52.1  -59.1     43   0.06     17     35  333.1  333.4  333.1
  230.0  11273  -54.1  -60.1     48   0.05     18     36  333.4  333.6  333.4
  219.1  11582  -56.4  -63.4     41   0.03     20     37  334.4  334.6  334.4
  208.0  11913  -58.9  -66.9     35   0.02     14     28  335.6  335.7  335.6
  204.0  12035  -58.1  -68.1     27   0.02     12     25  338.7  338.8  338.7
  200.0  12160  -58.7  -70.7     20   0.01     10     22  339.6  339.7  339.6
  199.0  12192  -58.9  -71.1     19   0.01     10     24  339.9  339.9  339.9
  191.0  12447  -60.3  -74.3     14   0.01    340     21  341.6  341.6  341.6
  189.5  12497  -59.9  -76.0     11   0.01    340     20  343.0  343.1  343.0
  186.0  12613  -58.9  -79.9      5   0.00    346     24  346.4  346.5  346.4
  182.0  12749  -58.7  -89.7      1   0.00    352     28  348.9  348.9  348.9
  180.5  12802  -57.7  -89.2      1   0.00    355     30  351.4  351.4  351.4
  179.0  12853  -56.7  -88.7      1   0.00    354     29  353.9  353.9  353.9
  170.0  13179  -56.9  -88.9      1   0.00    345     23  358.8  358.8  358.8
  168.0  13254  -56.1  -88.1      1   0.00    343     22  361.3  361.3  361.3
  161.0  13523  -57.7  -89.7      1   0.00    335     17  363.1  363.1  363.1
  156.2  13716  -56.9  -88.9      1   0.00    330     14  367.7  367.7  367.7
  153.0  13845  -56.3  -88.3      1   0.00    333     16  370.8  370.8  370.8
  150.0  13970  -56.9  -88.9      1   0.00    335     18  371.8  371.9  371.8
  148.0  14055  -57.5  -89.5      1   0.00    337     18  372.2  372.2  372.2
  141.8  14326  -57.8  -89.3      1   0.00    345     16  376.4  376.4  376.4
  135.1  14630  -58.0  -89.1      1   0.00    300     12  381.1  381.1  381.1
  134.0  14681  -58.1  -89.1      1   0.00    310     11  381.9  381.9  381.9
  129.0  14922  -56.9  -88.9      1   0.00    358      7  388.2  388.2  388.2
  128.0  14971  -55.5  -87.5      1   0.00      7      6  391.6  391.6  391.6
  123.0  15224  -56.5  -88.5      1   0.00     57      2  394.3  394.3  394.3
  122.7  15240  -56.6  -88.6      1   0.00     60      2  394.3  394.4  394.3
  113.0  15758  -60.3  -91.3      1   0.00     12      4  396.9  396.9  396.9
  108.0  16040  -59.3  -90.3      1   0.00    345      6  403.9  403.9  403.9
  103.0  16336  -60.7  -91.7      1   0.00    317      7  406.7  406.7  406.7
  100.0  16520  -60.9  -91.9      1   0.00    300      8  409.8  409.8  409.8
Station information and sounding indices
                         Station identifier: BNA
                             Station number: 72327
                           Observation time: 200618/1200
                           Station latitude: 36.25
                          Station longitude: -86.57
                          Station elevation: 180.0
                            Showalter index: 2.66
                               Lifted index: 1.46
    LIFT computed using virtual temperature: 1.06
                                SWEAT index: 146.60
                                    K index: 30.30
                         Cross totals index: 20.60
                      Vertical totals index: 23.50
                        Totals totals index: 44.10
      Convective Available Potential Energy: 29.17
             CAPE using virtual temperature: 44.19
                      Convective Inhibition: -64.75
             CINS using virtual temperature: -55.90
                           Equilibrum Level: 660.60
 Equilibrum Level using virtual temperature: 588.93
                   Level of Free Convection: 816.21
             LFCT using virtual temperature: 823.89
                     Bulk Richardson Number: 4.11
          Bulk Richardson Number using CAPV: 6.23
  Temp [K] of the Lifted Condensation Level: 287.69
Pres [hPa] of the Lifted Condensation Level: 924.00
   Equivalent potential temp [K] of the LCL: 327.05
     Mean mixed layer potential temperature: 294.29
              Mean mixed layer mixing ratio: 11.41
              1000 hPa to 500 hPa thickness: 5640.00
Precipitable water [mm] for entire sounding: 31.67